 -0.64  -0.28   0.49   0.17  -0.49   0.14 
 -0.99  -1.65  -0.42  -1.22  -0.56  -0.40 
  1.09   0.46   0.56   0.34  -0.22  -0.77 
  0.79   1.13   0.53   0.90  -0.47  -0.05 
  1.49   0.62   0.47   0.43   0.17   0.61 
  0.56   0.04   0.33   0.37   0.54  -0.04 
  1.00   0.06   1.36   0.80   0.94   0.14 
  0.97  -0.40  -0.32  -0.36  -0.14  -0.11 
  0.65   0.52   0.79   1.37   0.55  -0.08 
 -0.48  -0.16   0.49  -0.44  -1.05  -0.39 
  1.72   0.04   0.95   1.13   0.39   0.55 
  0.76   0.36   0.00   1.35   0.96   0.63 
 -0.02  -0.09  -0.33   0.89  -0.08   0.04 
 -0.25  -0.49   0.67   0.18   0.06  -0.43 
 -0.36   0.89   0.01   0.62  -0.11  -0.13 
  0.39  -0.26   0.29   0.44  -0.28   0.46 
