  0.67   0.21   0.42   0.69   0.29   0.40   0.19   0.60   0.49   0.36   0.39   0.33   0.36   0.30   0.51   0.51   0.35   0.61   0.39   0.70
  0.51   0.78   0.37   0.34   1.12   0.59   0.67   0.27   0.39   0.35   0.67   0.35   0.46   0.38   0.73   0.70   0.52   0.61   0.66   0.67
  0.55   0.45   0.39   0.60   0.78   0.67   0.23   0.59   0.42   1.02   0.47   0.31   0.50   0.59   0.50   0.77   0.76   0.46   0.68   0.85
  0.98   0.22   0.71   0.79   0.68   0.64   0.26   0.96   0.54   0.54   0.70   0.38   0.83   0.46   0.36   1.22   0.54   0.66   0.46   0.85
  0.96   0.30   0.44   0.74   0.42   0.67   1.03   0.38   1.23   0.23   1.18   0.53   0.46   0.90   1.20   0.41   0.44   0.63   0.42   0.59
  0.67   0.43   0.97   0.80   0.65   0.50   0.58   0.87   0.62   0.51   0.73   0.94   1.14   0.46   0.54   0.63   0.35   0.66   0.53   0.64
  0.56   0.58   0.28   0.13   1.14   0.60   0.71   1.58   0.34   0.74   0.47   0.75   0.39   0.54   0.86   0.44   0.71   0.44   1.22   0.44
  0.40   0.35   0.29   0.31   0.35   0.49   0.56   0.31   0.45   0.54   0.68   0.54   0.17   0.60   0.29   0.81   0.50   0.95   0.42   0.48
  0.47   0.49   0.47   0.63   0.92   0.71   0.56   0.54   0.65   0.52   0.31   0.65   0.80   0.55   0.73   0.41   0.35   0.45   0.82   0.51
  0.62   0.61   0.72   0.41   0.55   0.34   0.36   0.36   0.49   0.73   0.85   0.80   0.59   1.13   0.50   0.54   0.65   0.68   1.06   0.53
  0.52   0.32   0.58   0.84   0.52   0.39   0.47   0.97   0.38   0.40   0.37   0.57   0.62   0.37   1.12   0.36   0.41   0.57   0.83   0.55
  0.68   0.42   0.74   0.47   0.69   1.25   0.46   0.94   0.38   0.85   1.47   0.53   1.10   1.21   1.30   1.26   0.27   0.49   0.97   1.09
  0.92   1.10   0.48   0.34   0.69   0.74   0.92   1.47   0.76   1.47   1.28   0.70   0.88   1.16   0.95   1.03   1.12   0.79   0.77   1.08
  0.47   0.68   0.66   0.58   0.38   0.43   0.47   0.37   1.04   1.41   0.63   0.34   0.29   0.57   0.33   0.89   0.56   0.84   0.42   0.77
  0.46   0.58   0.45   0.40   0.49   0.50   0.30   0.31   0.48   0.59   0.40   0.46   0.18   0.39   0.36   0.46   0.32   0.35   0.29   0.28
  0.30   0.60   0.59   0.74   0.77   0.65   0.59   0.48   0.67   0.46   0.29   0.41   0.22   0.36   0.61   0.70   0.52   0.61   0.66   0.67
