  0.71   0.80   1.00   0.87   0.91   1.00   0.77   0.99   0.79   0.90   0.91   0.92   0.88   0.83   1.00   1.00   1.00   0.93   1.00   1.00
  0.90   0.71   0.49   0.98   0.77   0.79   0.96   0.58   0.77   0.85   0.79   0.86   0.72   0.80   0.50   0.87   0.90   0.80   0.87   0.79
  0.64   0.83   1.00   1.00   1.00   1.00   1.00   1.00   0.86   1.00   1.00   0.97   0.88   1.00   1.00   1.00   1.00   1.00   1.00   1.00
  0.58   0.63   0.68   0.61   0.46   0.65   0.57   0.77   0.60   0.53   0.59   0.81   0.98   0.53   0.39   0.59   0.66   0.91   0.56   0.59
  0.52   0.35   0.55   0.58   0.78   0.54   0.77   0.52   0.91   0.78   0.76   0.84   0.97   0.72   0.80   0.74   1.00   0.55   0.76   0.80
  0.69   0.79   0.50   0.98   0.68   0.84   0.58   0.93   0.76   0.59   0.68   0.85   0.82   0.77   0.62   0.95   0.76   0.80   0.90   0.56
  0.91   0.85   0.64   0.76   0.86   0.69   0.70   0.81   0.60   0.79   0.74   0.87   0.42   0.95   0.77   0.71   0.80   0.68   0.84   0.71
  0.56   0.63   0.67   0.95   0.79   0.87   0.69   0.70   0.53   0.96   0.92   0.94   1.00   0.91   1.00   0.93   1.00   0.86   0.79   0.92
  0.76   0.79   0.77   0.71   1.00   0.99   1.00   0.79   0.92   1.00   0.88   0.86   1.00   0.96   0.95   0.98   0.96   1.00   1.00   0.69
  0.69   0.87   0.90   0.90   0.98   0.79   0.60   0.80   0.93   0.86   0.85   0.79   0.85   0.68   0.67   0.80   0.88   0.68   0.94   0.73
  0.67   0.86   1.00   0.85   0.76   1.00   0.93   0.99   0.90   0.79   0.83   0.92   0.97   0.92   1.00   0.88   0.92   0.86   0.95   0.95
  0.75   0.90   0.86   0.99   1.00   0.77   0.82   0.82   0.57   0.89   0.87   0.89   0.87   0.99   0.90   0.98   1.00   0.64   1.00   0.69
  0.43   0.59   0.65   0.93   1.00   0.58   0.94   0.60   0.89   0.91   0.81   0.87   0.81   0.96   0.95   0.81   0.69   0.66   0.81   0.88
  0.76   0.59   0.60   0.81   0.66   0.52   0.79   0.60   0.79   0.77   1.00   0.66   0.79   0.77   0.52   0.84   1.00   0.72   0.72   0.69
  0.80   0.95   0.68   0.99   0.90   0.91   1.00   1.00   0.81   0.99   1.00   0.93   0.73   0.84   0.74   0.93   0.90   0.93   0.93   0.90
  0.54   0.91   0.86   0.94   0.83   0.95   0.56   0.64   0.79   0.80   0.92   0.98   0.96   0.72   0.88   0.87   0.90   0.80   0.87   0.79
